network1
RC: 0.9924486123286926
Infomap: 0.9922446544724456
Greedy: 0.9016204126263533
Lpa: 0.992216155252465
Louvain: 0.9669121923586425
------------------------
network2
Lpa: 0.9902824998713121
